%种群竞争模型
function dx=PopulationCompetition(t,x,r1,r2,n1,n2,s1,s2)

%赋初值r1和r2是甲乙两个种群的固有增长率 n1和n2代表环境的最大容量 s1和s2代表生存能力
r1=0.7489;
r2=0.8797;
n1=63.281;
n2=82.693;
s1=0.5527;
s2=0.4480;
% r1=0.8995;
% r2=0.1583;
% n1=21.7092;
% n2=51.491;
% s1=0.3819;
% s2=0.4216;

% r1=0.3;
% r2=0.3;
% n1=100;
% n2=100;
% s1=0.5;
% s2=2;

dx=[r1*x(1)*(1-x(1)/n1-s1*x(2)/n2);r2*x(2)*(1-s2*x(1)/n1-x(2)/n2)];
